100
97
98
93
94
88
89
89
85
86
84
80
76
71
69
62
56
54
50
50
48
47
46
47
50
49
50
48
48
46
49
49
46
48
46
43
47
46
48
46
47
46
47
45
45
48
45
42
40
40
38
42
41
40
43
43
39
41
41
41
45
47
52
56
58
57
60
63
61
61
64
62
62
63
61
64
66
65
67
71
71
72
72
74
75
75
75
75
77
76
75
78
73
77
74
73
76
76
78
81
82
83
90
96
94
96
96
98
100
100
98
101
101
102
106
111
111
117
115
116
120
121
121
124
124
124
128
131
129
132
130
131
135
136
139
142
149
148
153
160
161
165
164
168
170
171
169
170
169
167
169
173
170
171
166
169
170
168
167
169
171
170
170
172
169
170
164
165
166
166
163
164
161
157
158
160
155
152
148
151
153
149
149
152
148
146
143
144
136
134
126
127
126
122
122
123
123
120
119
126
125
123
119
119
121
120
117
119
117
111
113
117
114
112
107
111
113
113
113
118
120
118
121
128
127
123
118
120
121
118
117
119
120
113
115
122
121
122
121
124
125
125
125
129
130
127
133
140
139
141
138
139
143
138
140
141
138
135
136
137
136
134
131
131
138
133
133
134
134
129
131
134
132
133
129
131
131
128
125
125
127
123
128
132
129
131
130
135
